65 89 29 89 91 85 16 71 7 53
26 42 69 59 82 93 77 21 76 98
41 86 15 97 26 11 17 59 100 88
71 60 3 87 49 1 23 90 58 31
32 40 5 67 5 11 19 8 35 59
64 12 19 87 71 11 51 18 98 73
12 17 44 100 29 93 7 33 59 21
85 57 100 2 6 63 42 69 86 71
77 51 16 99 33 25 31 51 93 11
5 62 11 77 30 74 96 75 21 15
38 27 44 81 48 44 29 98 82 23
49 80 11 3 12 96 50 83 36 5
31 8 74 57 47 62 73 29 67 84
77 26 62 34 9 39 25 25 76 72
93 58 91 15 92 27 57 60 48 49
51 15 17 7 22 40 11 79 97 41
76 77 8 25 18 55 34 42 67 64
7 18 16 21 69 32 16 68 14 94
22 14 2 10 7 31 64 50 37 74
71 52 2 84 73 73 71 20 41 68
64 38 59 35 7 70 40 51 9 35
98 57 92 69 28 59 83 14 81 33
92 44 45 70 85 24 60 96 25 63
30 16 89 56 60 16 36 4 4 96
10 41 9 70 63 6 29 87 13 68
8 45 46 52 24 96 69 85 31 41
80 77 5 84 59 68 79 61 96 31
20 34 69 11 37 15 17 22 50 54
81 27 91 66 86 4 38 90 43 14
73 94 45 8 90 74 89 6 93 31
9 50 2 88 68 40 95 94 18 53
27 34 27 83 36 32 30 81 93 66
4 88 92 99 73 58 60 67 45 78
78 62 62 46 16 18 96 8 91 54
42 100 90 81 71 68 86 60 5 53
89 77 44 10 46 78 50 67 89 30
75 60 48 40 28 26 19 22 10 30
38 92 35 35 52 36 83 75 43 91
22 48 13 97 46 8 20 9 27 2
59 62 53 32 17 38 79 70 24 35
14 31 17 32 99 38 88 33 5 10
83 15 49 41 87 45 98 72 36 27
28 5 6 61 18 17 86 69 2 39
32 7 88 90 97 84 72 28 8 80
83 9 23 57 36 55 73 31 65 1
66 73 80 10 60 32 2 82 83 41
58 45 25 38 99 56 14 1 69 88
2 78 54 75 32 13 81 42 17 9
92 9 89 33 92 83 47 81 76 28
72 86 12 99 98 75 70 99 33 14
58 73 87 88 95 88 1 77 39 92
22 46 77 20 66 12 73 81 100 41
41 39 46 26 47 50 74 4 66 55
79 58 30 26 95 42 42 56 50 3
40 47 81 30 39 72 42 65 54 41
93 35 6 25 54 50 42 40 81 26
13 76 21 74 25 21 31 53 43 45
49 65 4 80 19 81 49 80 49 92
60 56 29 58 44 13 32 78 41 39
43 42 69 52 11 94 28 84 58 86
27 7 18 11 34 66 80 69 11 63
10 1 92 61 53 9 71 44 43 2
52 49 50 66 35 28 11 14 16 32
89 99 94 31 73 63 66 58 10 52
78 45 19 76 19 26 11 65 41 12
80 71 100 82 5 9 36 96 63 78
95 35 25 10 29 26 72 61 77 50
89 38 98 55 21 54 3 93 59 62
74 34 63 18 82 98 16 40 84 76
74 88 63 40 6 87 15 91 71 14
62 39 4 10 22 4 37 93 86 36
17 66 28 14 81 16 43 71 27 9
70 74 42 50 80 86 94 9 17 19
38 72 26 71 81 93 36 41 35 52
8 85 27 25 69 20 56 5 45 8
17 90 50 31 17 11 38 84 24 61
94 75 18 66 4 32 29 95 41 63
31 3 58 28 90 75 26 89 97 21
53 87 81 1 55 50 24 15 37 78
51 18 61 85 61 2 8 17 70 2
43 7 60 29 65 87 97 41 36 63
46 31 64 67 51 9 60 81 16 85
6 88 14 10 41 73 49 2 76 73
10 69 5 30 3 53 64 35 9 87
8 51 27 75 63 34 32 1 3 67
19 30 24 40 61 45 48 29 2 12
10 79 11 46 52 80 66 84 51 81
19 50 3 56 84 42 19 86 7 20
71 36 15 4 49 5 18 72 50 7
5 6 85 2 32 15 79 51 15 41
17 91 76 66 31 32 9 24 72 74
9 9 89 90 46 9 75 82 80 18
37 53 68 1 3 64 13 25 21 62
50 58 51 95 69 91 90 37 38 70
75 19 7 87 8 20 65 16 100 19
5 5 64 40 100 7 74 13 4 86
29 43 61 68 82 35 40 48 45 46
55 42 91 46 47 32 90 93 46 69
96 29 76 46 32 90 73 62 70 77
88 96 71 76 30 15 25 63 64 35